368 912 1284 1892 2141 2271 2451 2547 2589 2700 2864 2892 3417 4083 4178 4580 4651 4670 4712 4802 4858 4929 4980 5033 5093 5135 5224 5336 5351 5372 5398 5407 5665 5815 5859 5935 6012 6557 6607 6616 6866 6891 6963 6965 7179 7416 7457 7517 7678 7691 14717 40717 53895 85295 128820 131501 148668 160767 175503 199323 248016 318397 425866 437592 447940 455166 463117 477073 523968 524450 531301 554194 590286 629103 636452 644714 655166 668449 690087 711250 768112 776221 792737 872958 875788 879709 893262 914919 942289 945994 951398 986741 1005225 1074088 1089003 1153943 1161139 1169896 1174101 1220457
27 142 217 360 363 500 643 1130 1332 1514 1810 1914 1975 2090 2095 2462 2530 2657 2742 2896 2975 3136 3334 3696 3852 3943 4121 4217 4542 4644 5016 5352 5416 5421 5483 5728 5863 5879 5967 6006 6336 6838 6839 6899 6903 6976 7611 7652 7822 7855 41646 63943 84854 117338 120915 146771 202078 207972 216803 257913 273170 284497 300806 302421 325040 385171 423780 435608 436272 460839 464288 466285 500985 534564 572862 589640 611413 614227 658575 735622 743162 757428 782681 826376 864431 886795 905876 954600 982483 992915 1002201 1009487 1013477 1092189 1103453 1149127 1152640 1153878 1189582 1210693
42 654 985 998 1020 1037 1084 1359 1361 1499 1568 1674 1716 2262 2274 2571 2698 2773 2988 3035 3064 3073 3172 3233 3534 3867 4045 4366 4819 5008 5111 5135 5332 5408 5413 5508 5677 5717 5749 5796 5882 5937 5937 6164 6297 6880 7132 7524 7715 7804 23341 33583 106542 115835 160092 161344 218896 247236 326287 330647 346888 379172 395368 408419 460037 468293 473612 495103 585207 590610 615667 625018 666746 678306 683856 702648 724078 729169 767969 769602 769936 794009 810009 829622 843165 863431 875656 883287 909008 932963 941532 947265 973466 976022 1046184 1068039 1118981 1146680 1188641 1203580
6 91 277 588 753 759 803 865 975 1103 1219 1339 1345 1605 1813 2153 2197 2359 2473 2640 2733 2908 2922 2922 3133 3254 3638 3657 4173 4337 4616 4693 4751 4839 4900 5255 5789 5791 5838 6365 6445 6520 6539 6612 6614 6884 7382 7709 7876 7918 10941 31914 46182 51830 53191 128625 132200 147538 156281 164275 194796 199757 241518 256109 266596 270367 287148 296007 298797 328777 335457 382442 383422 440686 456044 498361 558391 583632 613221 631961 662195 710715 719469 720702 761605 772965 796025 843883 852268 867114 871500 874148 1049546 1114106 1124560 1133015 1145847 1150142 1184391 1201068
18 85 280 354 1031 1050 1058 1212 1330 1349 1426 1978 1986 2257 2439 3119 3312 3368 3475 3502 3531 3573 3726 3749 3861 4219 4234 4297 4338 4393 4508 4991 5287 5459 5569 5910 6099 6524 6642 6652 6792 6811 6886 7044 7122 7212 7470 7768 7866 7929 7958 18052 44338 76595 109538 115202 117027 167752 257444 281515 284731 288680 289175 289722 292593 305435 311404 311458 357421 402870 417240 435293 481514 526741 573948 661065 690734 703216 716260 730325 732387 735952 746388 815231 841380 851301 874375 885684 957004 960220 987985 996700 998232 1016426 1021523 1024129 1058092 1090201 1118535 1180574
51 142 279 419 457 600 668 947 1367 1978 1982 2002 2051 2389 2533 2870 3059 3140 3301 3319 3338 3375 3411 3988 4022 4057 4156 4318 4365 4478 4565 4695 4880 5013 5149 5187 5438 6054 6293 6403 6496 6679 6730 6800 6914 6963 6969 6986 7464 7911 32611 42140 63489 70568 73040 106902 114875 118914 129010 141053 143592 209397 211340 238375 242797 282940 302576 326006 331634 369586 411542 444754 497027 590600 593368 600317 608369 625475 625730 649230 686988 690406 715172 716047 742542 777353 778660 830404 831690 862751 894125 916334 1004797 1005578 1020040 1086065 1152970 1171260 1191564 1213413
23 69 664 887 902 1380 1381 1804 1951 1978 2169 2495 2642 2649 2748 3127 3133 3810 3942 4040 4093 4204 4328 4444 4862 5384 5389 5461 5537 5645 6199 6287 6552 6653 6810 6887 6905 6910 6931 6961 7069 7073 7134 7177 7197 7463 7477 7525 7570 7947 29376 60683 71116 76449 84814 89419 90641 96820 134315 170082 261347 283506 293362 297174 307926 326265 375552 395625 412167 423140 439026 466288 484273 570788 576477 593599 593727 634010 638752 696511 738290 784093 818340 839103 840607 859320 879885 888347 895660 909377 951950 995875 1013883 1056249 1078142 1100687 1129869 1164718 1184917 1218801
166 263 377 386 1084 1222 1447 1470 1615 1737 1784 2036 2360 2570 2574 2657 2845 2912 2947 3011 3144 3224 3241 3526 3954 4099 4266 4276 4368 4584 4716 4858 5503 5652 5774 5992 6021 6045 6369 6595 6688 6721 6839 7010 7110 7119 7214 7320 7447 7591 32449 105347 120266 120978 149337 167416 201218 201960 205713 220156 222028 261293 279861 279954 331641 345459 391123 412923 448294 450899 485715 489493 527208 619639 629240 643233 654450 685845 708404 715762 753758 756271 774223 782490 818009 866901 871067 920030 963282 965457 966936 978695 1041237 1052527 1065417 1108402 1153483 1183684 1189185 1207957
326 343 343 404 1086 1181 1230 1404 1628 1856 1890 2248 2555 2652 2710 2745 2814 2861 2971 3369 3631 3796 3926 4143 4192 4418 4456 4456 4824 5093 5324 5480 6273 6308 6495 6589 6667 6786 6848 6887 6934 7066 7266 7399 7538 7538 7659 7714 7724 7740 7878 23899 26152 31403 34804 87193 91334 99125 126162 206087 208266 228608 307493 354371 365694 367155 386216 390042 446418 450174 454614 458013 466844 480451 503654 549488 558569 563455 582087 591945 645036 682720 695515 698010 727664 760570 783550 808309 834260 835262 872404 897124 900471 949886 957820 959282 994329 1136467 1138808 1150093
286 363 435 447 514 753 805 1187 1227 1297 1439 1759 1875 1952 2046 2076 2160 2260 2351 2627 3106 3313 3315 3596 3733 3783 3797 4113 4176 4270 4361 4361 4606 4768 4776 4911 5050 5157 5192 5597 5599 6043 6066 6416 6425 7121 7264 7495 7603 7782 22973 24127 52660 86491 152070 157143 232013 274330 298895 328591 347390 374970 396156 405172 419337 419998 426652 427712 436788 446699 447754 475727 491238 551138 554056 571186 592779 658473 727975 732810 757118 768805 842390 852765 854407 894634 915030 918184 964064 967133 969119 978629 1009180 1025756 1027903 1067256 1076948 1179499 1224240 1231992
313 361 413 553 563 737 900 913 975 1186 1241 1307 1678 1686 1786 1818 1919 2052 2127 2319 2412 2513 2752 2998 3024 3058 3224 3513 3519 3881 4043 4384 4385 5131 5281 5332 5740 5891 6020 6125 6148 6683 6695 6828 6859 6896 7114 7168 7451 7473 7674 46822 75076 101182 144823 177402 242747 294532 306103 313363 328581 329546 332694 353812 434737 435725 521259 543017 572091 631590 631796 641664 660356 731858 738217 742692 768586 772625 788194 818830 866293 892679 908769 911140 917466 940102 952501 970704 970876 977105 997314 1062929 1070955 1110509 1124960 1138252 1147051 1199314 1223702 1234264
112 308 442 577 814 961 1451 1639 1794 1887 1974 2269 2318 2333 2468 2804 2836 2897 2914 2986 3450 3507 3587 3877 3973 4070 4258 4263 4279 4435 4548 4733 4944 4949 5049 5277 5444 5788 5887 5973 6386 6406 6873 7222 7335 7341 7496 7561 7640 7825 62983 70911 82278 107468 111086 184816 245306 289621 315735 357287 359986 395791 405300 468591 485360 511680 526647 574783 579506 584835 586577 596605 698770 702424 734050 753481 756954 758287 764994 793823 840245 846507 873793 887634 892875 916415 924366 1005517 1008070 1012418 1041621 1064659 1082405 1092692 1137253 1138498 1147608 1165166 1179383 1207368
18 96 614 967 1017 1148 1381 1407 1465 1480 1567 1742 1794 1810 1822 1972 1991 2245 2269 2476 2590 2794 2919 2936 2970 3744 3889 3925 4001 4351 4475 4483 5680 5686 5860 5886 5930 6262 6308 6362 6418 6502 6665 7218 7386 7491 7514 7525 7849 7999 10094 13085 36517 67973 95636 97974 109087 110138 155616 167815 169654 186767 190488 197267 199837 258969 281298 289488 331298 389367 437025 458344 463883 486713 510422 553343 562751 619202 652836 653808 656967 732895 772961 794971 815849 821386 832434 860182 868972 885418 930599 990042 992677 1034602 1054231 1118243 1167366 1191226 1214466 1226036
221 289 392 395 414 882 916 967 1082 1437 1438 1520 1647 1782 1958 1969 2103 2392 2612 2776 2961 3072 3103 3175 3399 3945 3982 4084 4302 4699 5004 5203 5273 5444 5463 5536 5561 5788 5806 5888 5974 5983 6043 6088 6193 6230 6293 6454 7108 7747 18554 53419 95450 173400 187143 269976 309213 310598 318909 341248 341867 346368 346518 384015 412287 415712 467167 470182 470430 473553 480693 500473 536412 558356 560605 594818 628792 634053 639771 708124 727157 736213 754439 802488 806243 848882 877580 898198 975623 978855 1014865 1018567 1070862 1124401 1148092 1190630 1200850 1216408 1217347 1230213
188 271 296 444 445 476 603 657 744 798 881 908 946 972 977 1309 1620 1623 1742 1780 2171 2287 2558 2661 3466 3695 4069 4110 4204 4252 4493 4566 4651 4664 4718 5700 5814 5835 6149 6169 6178 6244 6270 6529 6773 6834 7042 7163 7275 7302 7601 45971 94294 98363 170521 176297 184914 202190 207497 209162 265050 302048 334663 341041 363043 414996 415760 420890 472064 489478 502395 514751 517993 561331 574828 590890 675631 693218 714895 748745 750570 758998 761076 770618 819361 828979 864838 876099 901033 921475 986180 1007831 1009956 1047940 1084546 1092024 1173408 1191454 1210087 1222540
41 533 575 792 944 1100 1244 1615 1682 2145 2174 2248 2759 2975 3216 3223 3398 3687 3780 3855 4152 4213 4238 4280 4432 4756 4758 4810 4812 5086 5420 5424 5512 5543 5551 5583 5669 5679 5690 5959 6160 6592 6921 7001 7081 7213 7301 7419 7565 7842 43766 44464 59407 74532 79528 93378 145395 169121 199613 252507 301118 305307 308640 356222 375718 388384 401294 413176 422174 441530 466223 482088 583691 597996 625515 635400 643093 699043 714286 744233 745643 778278 784031 883161 912054 914237 917915 927651 942415 951153 1006452 1008665 1012393 1027791 1038056 1064756 1067714 1140217 1141194 1192946
362 764 968 974 1089 1474 1632 1709 1887 1981 2010 2172 2425 2562 2648 3015 3103 3277 3341 3426 3912 4284 4436 4452 4517 4563 5032 5144 5276 5602 5659 5662 5719 5784 5840 5857 6117 6131 6189 6295 6392 6726 6917 7021 7076 7104 7133 7254 7280 7440 17313 30335 60973 82425 98360 167002 167158 169752 190496 228710 304663 311966 449811 473329 496095 499184 552317 554358 556224 562104 574212 610848 663355 669544 675698 678875 700023 707217 733753 734851 746654 759166 766338 771441 803948 816545 842991 894205 898135 930148 940483 947403 950101 980835 982377 1090972 1129244 1132250 1154110 1162076
615 829 1003 1031 1041 1427 1445 1666 1695 1719 1979 2051 2520 2744 2901 3098 3250 3409 3418 3492 3606 3630 3702 3715 4208 4614 4698 4914 4934 5223 5412 5560 5618 5669 5703 5777 5891 5893 5932 6123 6432 6600 6646 6646 6728 6756 6988 7021 7436 7745 14538 41555 48116 58498 178602 217684 228634 232559 255944 306544 316508 350043 405379 409076 414966 449142 531002 535890 556570 566244 590205 591955 604850 652023 661354 687332 705586 707308 726904 747682 748489 782262 809838 844420 875111 881108 898081 902453 915819 959863 962908 1015263 1054900 1060612 1084509 1122440 1142686 1189753 1224891 1230231
16 148 178 236 264 483 550 660 1395 2077 2391 2489 2765 2830 2831 3026 3095 3193 3238 3393 3399 3461 3641 3672 3695 3806 3848 3927 4038 4167 4711 4754 4774 5107 5568 5782 6387 6457 6605 6959 6993 7047 7150 7228 7380 7463 7660 7841 7850 7996 43667 48277 57375 82774 115503 162087 162773 167503 216202 229910 251949 259281 261741 274035 277454 345679 390637 391453 394022 397948 403600 433318 438262 453065 514678 536121 536252 621542 622129 643261 668084 700541 718943 725173 759929 769622 784026 799122 802189 827827 896137 912050 926759 944057 1012605 1087383 1115015 1134542 1184024 1221831
10 142 438 1164 1164 1231 1240 1321 1652 1668 1848 1917 2099 2172 2192 2371 2628 2863 3100 3125 3271 3401 3411 3421 3572 3599 4038 4093 4128 4326 4394 4749 4900 4943 5032 5044 5211 5309 5674 5724 6010 6019 6233 6300 6520 6676 7275 7315 7353 7546 7707 8561 41921 50043 72477 98483 120665 121556 164740 196603 230498 246988 259095 269375 282347 283007 332992 334032 360582 379640 461816 470698 497556 503962 511126 546100 577546 631796 636230 642167 650719 706670 733435 762168 765900 808043 845801 853441 855878 958379 973845 982971 1024944 1036803 1042991 1048009 1149481 1164561 1178337 1188971
0 105 264 317 359 414 473 497 783 1096 1186 1339 1451 1624 1676 1770 1900 1980 2305 2334 2449 2828 2957 3557 3687 3688 3977 4328 4669 4695 4823 4891 5148 5239 5571 5715 5876 5948 5969 6195 6211 6359 6732 6937 6973 7029 7099 7333 7447 7792 7953 8281 24728 31143 163305 165178 183782 204846 271947 273189 290924 303554 313050 373288 391869 396727 422402 430189 437028 470968 531556 547606 550535 566657 572965 585935 589247 603735 619855 631944 635915 649874 682517 683524 711699 718543 737720 752331 806877 828457 840100 920373 956873 984587 1033773 1067739 1076620 1125876 1129114 1168040
449 882 936 990 1097 1098 1103 1274 1343 1347 1562 1727 1786 1873 2043 2052 2164 2534 2574 2891 2900 2941 3011 3035 3161 3227 3263 3330 3887 3901 4023 4447 5187 5433 5514 5809 5812 5933 6108 6189 6271 6362 6522 6571 6943 7111 7151 7246 7919 7995 40733 66284 91281 96702 100108 188333 215079 224883 236826 240512 266108 285564 315087 322261 325192 326368 358411 386317 390309 470791 477380 481810 490442 504782 536904 560143 570710 574191 621184 630692 652624 678828 686818 725294 753589 788287 822050 906354 933678 936389 937868 986573 997199 1004758 1017733 1056966 1077433 1105720 1165534 1181623
165 169 282 468 520 1070 1087 1385 1398 1611 1774 1848 1956 2009 2050 2313 2394 2514 2607 2765 3196 3236 3296 3483 3735 3907 4186 4214 4249 4256 4990 4993 5022 5228 5754 5926 5962 6057 6066 6216 6344 6419 7043 7098 7135 7197 7240 7492 7660 7921 16801 33209 62871 74841 95031 100950 116707 136069 140974 152995 175047 183885 220320 227820 249788 270338 282444 314751 379940 384703 414482 419210 425046 440760 452359 500928 522828 548134 556421 563203 568093 589836 667413 687294 719585 724833 753394 780243 831130 841534 886753 906300 979390 987071 1004168 1042056 1074011 1094687 1122375 1137502
21 48 124 324 418 492 877 1138 1296 1313 1710 2151 2243 2384 2530 2622 2664 3097 3113 3309 3419 3434 3528 3631 3777 3795 3852 3926 3934 4181 4374 4467 4558 4759 4938 5019 5024 5088 5294 5344 5542 5863 6065 6184 6239 6274 6399 6596 6983 7545 7963 17203 33913 38840 44930 59375 95333 98311 99476 161839 222281 231007 239820 255312 306308 324024 324407 330906 355032 359764 364242 382426 411570 454446 474102 507883 566144 570282 597162 618866 641190 668377 679557 695679 704430 709032 713089 786503 840908 876237 891849 911010 927315 943803 958208 1029940 1080774 1083989 1164499 1227416
146 436 439 724 843 909 937 1063 1213 1654 1767 1849 2036 2359 2742 2862 2876 3465 3732 3832 4183 4189 4197 4233 4282 4304 4403 4456 4715 4757 4796 5822 6019 6104 6110 6233 6641 6870 6880 6902 6916 7086 7110 7249 7256 7322 7490 7564 7869 7948 7955 36035 77176 103443 104704 117328 132264 138786 165515 223334 232044 246437 265525 290975 296983 305159 314577 323754 330312 350874 354953 362220 386135 408562 415497 470222 530775 533430 552397 562445 595576 600191 600936 666465 688958 690401 690848 756575 813963 822539 836954 872667 874072 903379 920788 971717 987601 1022150 1207500 1233870
128 528 813 936 1018 1159 1185 1189 1622 1912 1914 1944 2084 2427 2471 2580 2614 2846 2856 2901 2941 3006 3030 3237 3357 3546 3570 3662 4095 4190 4382 4499 4840 4857 4863 5791 5791 6012 6168 6412 6661 6778 6807 7035 7152 7199 7340 7439 7474 7476 7870 126487 158899 165655 171456 201890 204632 264105 298660 317090 326955 330808 344002 366614 378203 380654 401887 411740 421858 432970 443014 483513 487782 526499 526938 571874 637702 664951 697795 705591 732920 761461 789871 854537 855263 863837 867895 869423 904291 925598 982715 1003154 1033764 1048520 1130717 1163524 1195465 1214914 1222154 1228800
140 147 552 617 695 720 838 1228 1239 1332 1523 1559 1665 1692 1697 1738 1771 1776 1860 2027 2099 2161 2233 2458 3003 3138 3267 3588 3747 3762 4165 4346 4810 5022 5062 5240 5259 5496 5547 5598 5744 5893 6182 6538 6869 7101 7162 7387 7668 7743 82416 98677 129108 137630 194614 199394 202216 225709 288432 307181 319758 323695 336235 351336 353346 373020 380859 414294 416956 456511 472831 516642 521121 573760 585924 632771 652953 679689 701223 702234 747067 759709 765766 791517 795646 805638 808073 859148 889361 893777 939216 947301 974151 1064655 1071746 1100058 1101311 1128976 1177414 1219176
265 457 466 875 1002 1533 1568 1981 2010 2070 2392 2465 2525 2569 2645 2707 2784 2848 3126 3143 3189 3278 3297 3300 3325 3329 3433 3504 3634 3681 3851 4382 4451 4593 4907 5006 5258 5870 5924 5932 6350 6406 6413 6578 6865 6924 7262 7553 7678 7994 53923 79514 101914 156133 168942 176777 224303 242258 260241 268057 270038 290006 290117 316514 385831 430009 445474 491348 516126 546623 550187 592996 631780 640672 644335 652766 656838 669474 687280 727064 753759 759648 772513 774174 784709 806098 831050 848195 872150 884846 935623 950582 961508 1032303 1043976 1103650 1149689 1181343 1194653 1225525
37 618 874 891 997 1155 1295 1441 1491 1516 1737 1743 1747 1765 1774 2078 2354 2373 2430 2682 2700 2966 2975 2989 3086 3424 3631 3789 3884 4037 4604 4618 4818 4834 4877 5682 5756 6210 6243 6286 6415 6652 6678 6900 7223 7389 7491 7552 7636 7948 10421 33094 33658 118047 152734 166923 172605 282932 308902 310119 318018 319244 339204 366018 366102 398740 411102 428450 444666 457765 497148 506632 527289 544229 558933 616566 628893 659106 659946 711570 754530 777278 779880 790336 805162 825038 843182 895271 1035703 1046569 1052854 1080096 1092927 1093078 1095673 1124109 1161462 1203540 1204609 1225955
133 319 322 335 368 643 891 909 1127 1532 1793 1925 1996 2233 2430 2481 2787 2806 3254 3449 3498 3601 3759 4005 4193 4350 4439 4558 4618 4943 4951 4956 5094 5312 5412 5500 5999 6257 6293 6411 6597 6631 6731 6842 6899 6904 7402 7445 7588 7799 15269 19136 21671 74917 88032 102942 121543 121847 141577 142157 144660 159487 172929 188864 206520 249296 252559 274774 278346 287658 290001 342267 431648 484579 498388 519761 557243 564164 580503 584607 586952 591950 652689 682669 706111 747625 768470 850664 917608 919840 924142 958053 973695 987071 990839 1006037 1019626 1031889 1097685 1219773
43 97 255 567 590 735 1224 1480 1539 1761 1925 2450 2982 3042 3045 3323 3427 3542 3936 3994 4014 4290 4412 4444 4466 4591 4823 4908 5137 5442 5493 5567 5574 5836 5874 5970 5975 6065 6075 6454 6589 6795 6856 7109 7345 7807 7811 7863 7943 7994 32781 36265 42599 45213 72754 92440 122373 144992 161915 187760 215182 224634 244167 277152 277784 278102 293645 296992 315570 374945 377022 395673 472585 490640 553919 593085 634228 637858 679556 679718 680477 683073 752529 761873 840032 867180 891016 950553 989195 1027688 1029705 1031562 1041353 1051762 1102232 1103190 1111639 1147200 1164479 1199819
229 345 575 637 1054 1087 1622 1625 1786 2109 2146 2326 2391 2490 2614 2862 2936 3332 3391 3724 3769 3836 3974 4026 4359 4389 4461 4471 4852 4962 5051 5353 5372 5428 5458 5902 6564 6565 6870 6999 7036 7117 7233 7259 7267 7333 7620 7841 7873 7945 7995 18182 21342 38058 38512 46799 97951 109684 133520 180349 232259 253515 262503 342190 344974 360470 399585 429571 475720 543617 591235 607804 688715 717303 733955 758588 826898 856364 880872 883297 893649 895965 915233 934896 945564 994146 1045926 1048072 1053133 1063760 1088488 1089956 1104039 1113425 1114002 1129577 1139237 1170951 1195705 1221546
102 236 384 574 771 964 985 1079 1174 1216 1409 1424 1579 1612 1808 2009 2241 2261 2355 2578 2910 3077 3155 3156 3421 3558 3634 3677 3740 3922 4328 4347 4437 4793 4976 5038 5111 5161 5351 5405 5524 5543 5622 5628 5949 6332 6348 6738 6756 7590 27050 27578 29380 37846 43295 66553 67026 117289 128677 143321 148175 188132 189378 193510 222111 330957 339443 375989 380557 398615 403828 421363 426930 436693 437124 527564 528292 534843 568431 583876 600033 631286 645624 748973 760970 766238 810649 840289 848654 850950 856977 887053 888683 943227 965153 977333 986548 997633 1016067 1183479
37 87 175 299 384 463 731 824 939 1162 1412 1735 1782 2054 2184 2245 2341 2418 2420 3146 3175 3451 3490 3672 3935 4090 4181 4261 4541 4550 4623 4631 5088 5114 5468 5544 5697 6030 6084 6534 6721 7016 7177 7244 7345 7417 7496 7630 7808 7821 16329 82762 90855 91381 101126 111201 121588 151194 202859 204814 209296 220218 231289 236708 303457 328296 331379 356688 361337 383226 388561 416427 436400 438222 467894 530104 542971 546314 561333 627743 653121 674038 685422 686164 727268 776489 874339 897223 929047 961300 995519 1002281 1008961 1032540 1044311 1051832 1076501 1088631 1153389 1203599
47 70 200 270 535 692 895 953 1363 1406 1619 1850 1870 1934 2201 2292 2952 3040 3041 3213 3477 3651 3882 4113 4174 4277 4344 4499 4671 4925 4953 5244 5504 5560 5706 5840 5941 5978 6034 6110 6852 6894 6943 7290 7322 7470 7504 7677 7680 7815 7968 16350 69722 98911 192701 225863 236912 262738 285437 327597 355745 371367 387453 444507 449023 477863 534517 557370 575360 597915 603461 605070 649376 678063 744998 749119 766606 772939 777631 780399 805966 872771 892161 918666 942360 958599 959382 961485 1002689 1054154 1087683 1111005 1148364 1178092 1196882 1201257 1202775 1221077 1222578 1228735
126 154 175 202 215 560 638 657 736 743 786 798 802 869 985 1114 1236 1439 1562 1981 2018 2367 2696 2883 2959 2997 3172 3192 3280 3413 3569 3615 3939 4001 4102 4208 4600 5200 5544 5559 6073 6406 6551 6639 6647 6680 6875 7285 7384 7511 7891 7995 68715 80261 108411 123355 147212 203642 233571 246067 258079 306935 309244 348963 391789 406930 459844 471968 507392 531104 554028 577796 580873 591462 598452 605641 619551 623880 630762 651793 661273 672150 685609 763585 763848 785023 816259 816963 818743 949885 963608 969484 982054 994091 999134 1045797 1047480 1072628 1086809 1150798
33 339 363 379 862 1077 1350 1682 1737 1776 2014 2070 2093 2215 2274 2311 2379 2444 2770 2918 3101 3177 3180 3229 3524 3915 4032 4507 4542 4587 4663 4740 4845 5239 5248 5358 5398 5628 5799 6035 6053 6190 6276 6277 6360 6575 6824 6927 7202 7257 7965 27719 84465 129712 170764 215549 251299 269001 287350 289515 299457 306718 309882 399712 423034 444570 476123 509540 558475 580563 609466 612573 616156 644541 695141 705352 718578 736314 746030 758445 759793 809546 871735 909247 928419 943083 949562 959043 971533 994841 1007830 1020527 1047394 1066666 1113346 1128908 1134215 1140000 1198179 1221558
68 111 149 200 314 576 800 951 1109 1293 1921 2054 2160 2163 2565 2596 2722 2736 3004 3167 3212 3278 3320 3873 3890 3895 4049 4078 4157 4188 4332 4550 4908 5426 5669 5694 5836 6014 6016 6101 6701 6764 6782 6897 7287 7320 7338 7419 7826 7909 57890 59834 68254 69885 96476 109014 135246 161531 178664 214100 265811 283016 345756 348761 358715 405360 421760 467813 501241 505471 519727 536859 603722 621146 632259 636962 680721 691357 705551 716339 740184 807741 809680 831868 833664 839597 855113 857902 878571 882335 918095 939551 948123 980495 1021161 1024876 1051097 1068013 1203380 1222410
28 56 319 554 714 1000 1019 1132 1161 1282 1342 1453 1541 1986 2345 2496 2642 3214 4168 4371 4422 4472 4507 4522 4569 4597 4844 4865 5083 5385 5655 5896 6055 6112 6173 6448 6542 6556 6663 6716 6765 6994 7056 7134 7378 7387 7650 7651 7691 7913 15570 20388 35734 81852 83495 119603 137959 189467 192771 256264 260948 265138 287343 309129 311065 322968 365267 374877 376208 386416 444379 487348 518973 529406 533180 560587 583238 608138 652470 653976 662400 675719 699384 751128 779995 780883 794879 909439 921946 950252 955728 957669 966612 1021870 1038918 1080328 1083440 1083890 1162342 1214714
37 207 237 298 478 653 671 746 1033 1614 2164 2237 2325 2401 2540 2548 2766 2776 2855 2944 2972 3240 3275 3617 3773 4042 4145 4175 4188 4375 4506 4530 4563 4917 5145 5238 5325 5466 5578 5578 5755 6264 6515 6871 6923 7369 7464 7474 7486 7803 26270 53436 69811 74895 116227 166647 167705 175516 256392 274483 309217 334954 355665 361536 397056 456392 457748 479786 480589 496217 567588 583347 585178 587011 634963 686043 728451 738089 763281 800864 827283 836874 840577 885330 918616 945581 949899 953134 954174 965743 1028034 1030482 1033317 1055184 1124240 1148910 1156861 1173378 1176164 1211032
